f = 21;
c = (f - 32) * (5/9);